	PROGRAM A2;
(2,21)(5,15)(1,1)
	VARIABLE INTEGER:I,J,K ;
(2,25)(2,14)(1,12)(5,85)(5,56)(5,86)(5,56)(5,87)(1,1)
	DIMENSION INTEGER:A(20)  ,B(4,5);
(2,4)(2,14)(1,12)(5,77)(1,2)(3,98)(1,3)(5,56)(5,78)(1,2)(3,64)(5,56)(3,65)(1,3)(1,1)
	I=2;
(5,85)(1,4)(3,62)(1,1)
	A(K)=I;
(5,77)(1,2)(5,87)(1,3)(1,4)(5,85)(1,1)
	J=A(K);
(5,86)(1,4)(5,77)(1,2)(5,87)(1,3)(1,1)
	CALL A3(I,J,K);
(2,3)(5,16)(1,2)(5,85)(5,56)(5,86)(5,56)(5,87)(1,3)(1,1)
	A(K)=B(I,J)+2.7;
(5,77)(1,2)(5,87)(1,3)(1,4)(5,78)(1,2)(5,85)(5,56)(5,86)(1,3)(1,5)(4,51)(1,1)
	CALL A3(I,J,K);
(2,3)(5,16)(1,2)(5,85)(5,56)(5,86)(5,56)(5,87)(1,3)(1,1)
	ENP;
(2,6)(1,1)
	SUBROUTINE A3(INTEGER: X ,Y ,K);
(2,23)(5,16)(1,2)(2,14)(1,12)(5,0)(5,56)(5,1)(5,56)(5,87)(1,3)(1,1)
	VARIABLE INTEGER:Z;
(2,25)(2,14)(1,12)(5,2)(1,1)
	Z=Z+(Z);
(5,2)(1,4)(5,2)(1,5)(1,2)(5,2)(1,3)(1,1)
	K=(X-888＃Z＃46*9)+Z+(X-888＃Z＃46*9);
(5,87)(1,4)(1,2)(5,0)(1,6)(3,44)(1,7)(3,69)(1,3)(1,5)(5,2)(1,5)(1,2)(5,0)(1,6)(3,44)(1,7)(3,69)(1,3)(1,1)
	CALL A3(X ,Y ,K);
(2,3)(5,16)(1,2)(5,0)(5,56)(5,1)(5,56)(5,87)(1,3)(1,1)
	ENS;
(2,7)(1,1)
